["1p10" 300 400 550 700 850]
["1p11" 300 400 550]
["1p11.1" 700 850]
["1p11.2" 700 850]
["1p12" 300 400 550 700 850]
["1p13" 300 400]
["1p13.1" 550 700 850]
["1p13.2" 550 700 850]
["1p13.3" 550 700 850]
["1p21" 300 400 550]
["1p21.1" 700 850]
["1p21.2" 700 850]
["1p21.3" 700 850]
["1p22" 300 400]
["1p22.1" 550 700 850]
["1p22.2" 550 700 850]
["1p22.3" 550 700 850]
["1p31" 300 400]
["1p31.1" 550 700 850]
["1p31.2" 550 700 850]
["1p31.3" 550 700 850]
["1p32" 300 400]
["1p32.1" 550 700 850]
["1p32.2" 550 700 850]
["1p32.3" 550 700 850]
["1p33" 300 400 550 700 850]
["1p34" 300]
["1p34.1" 400 550 700 850]
["1p34.2" 400 550 700 850]
["1p34.3" 400 550 700 850]
["1p35" 300 400 550]
["1p35.1" 700 850]
["1p35.2" 700 850]
["1p35.3" 700 850]
["1p36.1" 300 400 550]
["1p36.11" 700 850]
["1p36.12" 700 850]
["1p36.13" 700 850]
["1p36.2" 300 400 550]
["1p36.21" 700 850]
["1p36.22" 700 850]
["1p36.23" 700 850]
["1p36.3" 300 400 550 700]
["1p36.31" 850]
["1p36.32" 850]
["1p36.33" 850]
["1pTer" 300 400 550 700 850]
["1q10" 300 400 550 700 850]
["1q11" 300 400 550 700 850]
["1q12" 300 400 550 700 850]
["1q21" 300 400 550]
["1q21.1" 700 850]
["1q21.2" 700 850]
["1q21.3" 700 850]
["1q22q23q24" 300]
["1q22" 400 550 700 850]
["1q23" 400]
["1q23.1" 550 700 850]
["1q23.2" 550 700 850]
["1q23.3" 550 700 850]
["1q24" 400 550]
["1q24.1" 700 850]
["1q24.2" 700 850]
["1q24.3" 700 850]
["1q25" 300 400]
["1q25.1" 550 700 850]
["1q25.2" 550 700 850]
["1q25.3" 550 700 850]
["1q31" 300 400 550]
["1q31.1" 700 850]
["1q31.2" 700 850]
["1q31.3" 700 850]
["1q32" 300 400]
["1q32.1" 550 700]
["1q32.11" 850]
["1q32.12" 850]
["1q32.13" 850]
["1q32.2" 550 700 850]
["1q32.3" 550 700 850]
["1q41" 300 400 550 700 850]
["1q42" 300 400]
["1q42.1" 550]
["1q42.11" 700 850]
["1q42.12" 700 850]
["1q42.13" 700 850]
["1q42.2" 550 700 850]
["1q42.3" 550 700 850]
["1q43q44" 300]
["1q43" 400 550 700 850]
["1q44" 400 550 700 850]
["1qTer" 300 400 550 700 850]
["2p10" 300 400 550 700 850]
["2p11.1" 300 400 550 700 850]
["2p11.2" 300 400 550 700 850]
["2p12" 300 400 550 700 850]
["2p13" 300 400 550 700]
["2p13.1" 850]
["2p13.2" 850]
["2p13.3" 850]
["2p14p15p16" 300]
["2p14" 400 550 700 850]
["2p15" 400 550 700 850]
["2p16" 400 550]
["2p16.1" 700 850]
["2p16.2" 700 850]
["2p16.3" 700 850]
["2p21" 300 400 550 700]
["2p21.1" 850]
["2p21.2" 850]
["2p21.3" 850]
["2p22" 300 400 550]
["2p22.1" 700 850]
["2p22.2" 700 850]
["2p22.3" 700 850]
["2p23" 300 400 550 700]
["2p23.1" 850]
["2p23.2" 850]
["2p23.3" 850]
["2p24" 300 400 550]
["2p24.1" 700 850]
["2p24.2" 700 850]
["2p24.3" 700 850]
["2p25" 300 400]
["2p25.1" 550 700 850]
["2p25.2" 550 700 850]
["2p25.3" 550 700 850]
["2pTer" 300 400 550 700 850]
["2q10" 300 400 550 700 850]
["2q11.1" 300 400 550 700 850]
["2q11.2" 300 400 550 700 850]
["2q12q13q14" 300]
["2q12" 400 550 700]
["2q12.1" 850]
["2q12.2" 850]
["2q12.3" 850]
["2q13" 400 550 700 850]
["2q14.1" 400 550 700 850]
["2q14.2" 400 550 700 850]
["2q14.3" 400 550 700 850]
["2q21" 300 400]
["2q21.1" 550 700 850]
["2q21.2" 550 700 850]
["2q21.3" 550 700 850]
["2q22q23q24" 300]
["2q22" 400 550 700]
["2q22.1" 850]
["2q22.2" 850]
["2q22.3" 850]
["2q23" 400 550 700]
["2q23.1" 850]
["2q23.2" 850]
["2q23.3" 850]
["2q24" 400]
["2q24.1" 550 700 850]
["2q24.2" 550 700 850]
["2q24.3" 550 700 850]
["2q31" 300 400 550]
["2q31.1" 700 850]
["2q31.2" 700 850]
["2q31.3" 700 850]
["2q32" 300 400]
["2q32.1" 550 700 850]
["2q32.2" 550 700 850]
["2q32.3" 550 700 850]
["2q33" 300 400 550]
["2q33.1" 700 850]
["2q33.2" 700 850]
["2q33.3" 700 850]
["2q34q35q36" 300]
["2q34" 400 550 700 850]
["2q35" 400 550 700 850]
["2q36" 400 550 700]
["2q36.1" 850]
["2q36.2" 850]
["2q36.3" 850]
["2q37" 300 400]
["2q37.1" 550 700 850]
["2q37.2" 550 700 850]
["2q37.3" 550 700 850]
["2qTer" 300 400 550 700 850]
["3p10" 300 400 550 700 850]
["3p11" 300 400]
["3p11.1" 550 700 850]
["3p11.2" 550 700 850]
["3p12" 300 400 550]
["3p12.1" 700 850]
["3p12.2" 700 850]
["3p12.3" 700 850]
["3p13" 300 400 550 700 850]
["3p14" 300 400]
["3p14.1" 550 700 850]
["3p14.2" 550 700 850]
["3p14.3" 550 700 850]
["3p21" 300 400]
["3p21.1" 550 700 850]
["3p21.2" 550 700 850]
["3p21.3" 550 700]
["3p21.31" 850]
["3p21.32" 850]
["3p21.33" 850]
["3p22p23p24" 300]
["3p22" 400 550]
["3p22.1" 700 850]
["3p22.2" 700 850]
["3p22.3" 700 850]
["3p23" 400 550 700 850]
["3p24" 400]
["3p24.1" 550 700 850]
["3p24.2" 550 700 850]
["3p24.3" 550 700 850]
["3p25" 300 400 550 700]
["3p25.1" 850]
["3p25.2" 850]
["3p25.3" 850]
["3p26" 300 400 550]
["3p26.1" 700 850]
["3p26.2" 700 850]
["3p26.3" 700 850]
["3pTer" 300 400 550 700 850]
["3q10" 300 400 550 700 850]
["3q11.1" 300 400 550 700 850]
["3q11.2" 300 400 550 700 850]
["3q12" 300 400 550 700]
["3q12.1" 850]
["3q12.2" 850]
["3q12.3" 850]
["3q13" 300]
["3q13.1" 400 550]
["3q13.11" 700 850]
["3q13.12" 700 850]
["3q13.13" 700 850]
["3q13.2" 400 550 700 850]
["3q13.3" 400 550]
["3q13.31" 700 850]
["3q13.32" 700 850]
["3q13.33" 700 850]
["3q21" 300 400 550 700]
["3q21.1" 850]
["3q21.2" 850]
["3q21.3" 850]
["3q22q23q24" 300]
["3q22" 400 550]
["3q22.1" 700 850]
["3q22.2" 700 850]
["3q22.3" 700 850]
["3q23" 400 550 700 850]
["3q24" 400 550 700 850]
["3q25" 300 400]
["3q25.1" 550 700 850]
["3q25.2" 550 700 850]
["3q25.3" 550 700]
["3q25.31" 850]
["3q25.32" 850]
["3q25.33" 850]
["3q26" 300]
["3q26.1" 400 550 700 850]
["3q26.2" 400 550 700 850]
["3q26.3" 400 550 700]
["3q26.31" 850]
["3q26.32" 850]
["3q26.33" 850]
["3q27" 300 400 550 700]
["3q27.1" 850]
["3q27.2" 850]
["3q27.3" 850]
["3q28" 300 400 550 700 850]
["3q29" 300 400 550 700 850]
["3qTer" 300 400 550 700 850]
["4p10" 300 400 550 700 850]
["4p11" 300 400 550 700 850]
["4p12p13p14" 300]
["4p12" 400 550 700 850]
["4p13" 400 550 700 850]
["4p14" 400 550 700 850]
["4p15" 300]
["4p15.1" 400 550 700 850]
["4p15.2" 400 550 700 850]
["4p15.3" 400 550]
["4p15.31" 700 850]
["4p15.32" 700 850]
["4p15.33" 700 850]
["4p16" 300 400]
["4p16.1" 550 700 850]
["4p16.2" 550 700 850]
["4p16.3" 550 700 850]
["4pTer" 300 400 550 700 850]
["4q10" 300 400 550 700 850]
["4q11" 300 400 550 700 850]
["4q12" 300 400 550 700 850]
["4q13" 300 400]
["4q13.1" 550 700 850]
["4q13.2" 550 700 850]
["4q13.3" 550 700 850]
["4q21" 300 400]
["4q21.1" 550 700 850]
["4q21.2" 550]
["4q21.21" 700 850]
["4q21.22" 700 850]
["4q21.23" 700 850]
["4q21.3" 550 700 850]
["4q22q23q24" 300]
["4q22" 400 550 700]
["4q22.1" 850]
["4q22.2" 850]
["4q22.3" 850]
["4q23" 400 550 700 850]
["4q24" 400 550 700 850]
["4q25" 300 400 550 700 850]
["4q26q27q28" 300]
["4q26" 400 550 700 850]
["4q27" 400 550 700 850]
["4q28" 400 550]
["4q28.1" 700 850]
["4q28.2" 700 850]
["4q28.3" 700 850]
["4q31" 300]
["4q31.1" 400 550 700 850]
["4q31.2" 400 550]
["4q31.21" 700 850]
["4q31.22" 700 850]
["4q31.23" 700 850]
["4q31.3" 400 550 700 850]
["4q32q33q34" 300]
["4q32" 400 550]
["4q32.1" 700 850]
["4q32.2" 700 850]
["4q32.3" 700 850]
["4q33" 400 550 700 850]
["4q34" 400 550]
["4q34.1" 700 850]
["4q34.2" 700 850]
["4q34.3" 700 850]
["4q35" 300 400 550]
["4q35.1" 700 850]
["4q35.2" 700 850]
["4qTer" 300 400 550 700 850]
["5p10" 300 400 550 700 850]
["5p11" 300 400 550 700 850]
["5p12" 300 400 550 700 850]
["5p13" 300 400]
["5p13.1" 550 700 850]
["5p13.2" 550 700 850]
["5p13.3" 550 700 850]
["5p14" 300 400 550]
["5p14.1" 700 850]
["5p14.2" 700 850]
["5p14.3" 700 850]
["5p15" 300]
["5p15.1" 400 550 700 850]
["5p15.2" 400 550 700 850]
["5p15.3" 400 550]
["5p15.31" 700 850]
["5p15.32" 700 850]
["5p15.33" 700 850]
["5pTer" 300 400 550 700 850]
["5q10" 300 400 550 700 850]
["5q11.1" 300 400 550 700 850]
["5q11.2" 300 400 550 700 850]
["5q12" 300 400 550]
["5q12.1" 700 850]
["5q12.2" 700 850]
["5q12.3" 700 850]
["5q13" 300 400]
["5q13.1" 550 700 850]
["5q13.2" 550 700]
["5q13.21" 850]
["5q13.22" 850]
["5q13.23" 850]
["5q13.3" 550 700 850]
["5q14q15q21" 300]
["5q14" 400 550]
["5q14.1" 700 850]
["5q14.2" 700 850]
["5q14.3" 700 850]
["5q15" 400 550 700 850]
["5q21" 400 550]
["5q21.1" 700 850]
["5q21.2" 700 850]
["5q21.3" 700 850]
["5q22" 300 400 550 700]
["5q22.1" 850]
["5q22.2" 850]
["5q22.3" 850]
["5q23" 300 400]
["5q23.1" 550 700 850]
["5q23.2" 550 700 850]
["5q23.3" 550 700 850]
["5q31" 300 400]
["5q31.1" 550 700 850]
["5q31.2" 550 700 850]
["5q31.3" 550 700 850]
["5q32q33q34" 300]
["5q32" 400 550 700 850]
["5q33" 400]
["5q33.1" 550 700 850]
["5q33.2" 550 700 850]
["5q33.3" 550 700 850]
["5q34" 400 550 700 850]
["5q35" 300 400]
["5q35.1" 550 700 850]
["5q35.2" 550 700 850]
["5q35.3" 550 700 850]
["5qTer" 300 400 550 700 850]
["6p10" 300 400 550 700 850]
["6p11" 300]
["6p11.1" 400 550 700 850]
["6p11.2" 400 550 700 850]
["6p12" 300 400 550]
["6p12.1" 700 850]
["6p12.2" 700 850]
["6p12.3" 700 850]
["6p21" 300]
["6p21.1" 400 550 700 850]
["6p21.2" 400 550 700 850]
["6p21.3" 400 550]
["6p21.31" 700 850]
["6p21.32" 700 850]
["6p21.33" 700 850]
["6p22" 300 400]
["6p22.1" 550 700 850]
["6p22.2" 550 700 850]
["6p22.3" 550 700]
["6p22.31" 850]
["6p22.32" 850]
["6p22.33" 850]
["6p23" 300 400 550 700 850]
["6p24" 300 400 550 700 850]
["6p25" 300 400 550 700]
["6p25.1" 850]
["6p25.2" 850]
["6p25.3" 850]
["6pTer" 300 400 550 700 850]
["6q10" 300 400 550 700 850]
["6q11" 300 400 550]
["6q11.1" 700 850]
["6q11.2" 700 850]
["6q12" 300 400 550 700 850]
["6q13" 300 400 550 700 850]
["6q14q15q16" 300]
["6q14" 400 550]
["6q14.1" 700 850]
["6q14.2" 700 850]
["6q14.3" 700 850]
["6q15" 400 550 700 850]
["6q16" 400]
["6q16.1" 550 700 850]
["6q16.2" 550 700 850]
["6q16.3" 550 700 850]
["6q21" 300 400 550 700]
["6q21.1" 850]
["6q21.2" 850]
["6q21.3" 850]
["6q22" 300 400]
["6q22.1" 550 700 850]
["6q22.2" 550 700 850]
["6q22.3" 550]
["6q22.31" 700 850]
["6q22.32" 700 850]
["6q22.33" 700 850]
["6q23" 300 400]
["6q23.1" 550 700 850]
["6q23.2" 550 700 850]
["6q23.3" 550 700 850]
["6q24"300 400 550]
["6q24.1" 700 850]
["6q24.2" 700 850]
["6q24.3" 700 850]
["6q25q26q27" 300]
["6q25" 400]
["6q25.1" 550 700 850]
["6q25.2" 550 700 850]
["6q25.3" 550 700 850]
["6q26" 400 550 700 850]
["6q27" 400 550 700 850]
["6qTer" 300 400 550 700 850]
["7p10" 300 400 550 700 850]
["7p11" 300]
["7p11.1" 400 550 700 850]
["7p11.2" 400 550 700 850]
["7p12" 300 400 550 700]
["7p12.1" 850]
["7p12.2" 850]
["7p12.3" 850]
["7p13" 300 400 550 700 850]
["7p14" 300 400 550]
["7p14.1" 700 850]
["7p14.2" 700 850]
["7p14.3" 700 850]
["7p15" 300 400]
["7p15.1" 550 700 850]
["7p15.2" 550 700 850]
["7p15.3" 550 700 850]
["7p21" 300 400 550 700]
["7p21.1" 850]
["7p21.2" 850]
["7p21.3" 850]
["7p22" 300 400 550 700]
["7p22.1" 850]
["7p22.2" 850]
["7p22.3" 850]
["7pTer" 300 400 550 700 850]
["7q10" 300 400 550 700 850]
["7q11.1" 300 400 550 700 850]
["7q11.2" 300 400]
["7q11.21" 550 700 850]
["7q11.22" 550 700 850]
["7q11.23" 550 700 850]
["7q21" 300 400]
["7q21.1" 550 700]
["7q21.11" 850]
["7q21.12" 850]
["7q21.13" 850]
["7q21.2" 550 700 850]
["7q21.3" 550 700 850]
["7q22" 300 400 550]
["7q22.1" 700 850]
["7q22.2" 700 850]
["7q22.3" 700 850]
["7q31" 300 400]
["7q31.1" 550 700 850]
["7q31.2" 550 700 850]
["7q31.3" 550]
["7q31.31" 700 850]
["7q31.32" 700 850]
["7q31.33" 700 850]
["7q32" 300 400 550 700]
["7q32.1" 850]
["7q32.2" 850]
["7q32.3" 850]
["7q33q34q35" 300]
["7q33" 400 550 700 850]
["7q34" 400 550 700 850]
["7q35" 400 550 700 850]
["7q36" 300 400 550]
["7q36.1" 700 850]
["7q36.2" 700 850]
["7q36.3" 700 850]
["7qTer" 300 400 550 700 850]
["8p10" 300 400 550 700 850]
["8p11.1" 300 400 550 700 850]
["8p11.2" 300 400]
["8p11.21" 550 700 850]
["8p11.22" 550 700 850]
["8p11.23" 550 700 850]
["8p12" 300 400 550]
["8p12.1" 700 850]
["8p12.2" 700 850]
["8p12.2" 700 850]
["8p21" 300 400]
["8p21.1" 550 700 850]
["8p21.2" 550 700 850]
["8p21.3" 550 700 850]
["8p22" 300 400 550 700 850]
["8p23" 300 400]
["8p23.1" 550 700 850]
["8p23.2" 550 700 850]
["8p23.3" 550 700 850]
["8pTer" 300 400 550 700 850]
["8q10" 300 400 550 700 850]
["8q11.1" 300 400 550 700 850]
["8q11.2" 300 400]
["8q11.21" 550 700 850]
["8q11.22" 550 700 850]
["8q11.23" 550 700 850]
["8q12" 300 400 550]
["8q12.1" 700 850]
["8q12.2" 700 850]
["8q12.3" 700 850]
["8q13" 300 400 550]
["8q13.1" 700 850]
["8q13.2" 700 850]
["8q13.3" 700 850]
["8q21" 300]
["8q21.1" 400 550]
["8q21.11" 700 850]
["8q21.12" 700 850]
["8q21.13" 700 850]
["8q21.2" 400 550 700 850]
["8q21.3" 400 550 700 850]
["8q22" 300 400]
["8q22.1" 550 700 850]
["8q22.2" 550 700 850]
["8q22.3" 550 700 850]
["8q23" 300 400 550]
["8q23.1" 700 850]
["8q23.2" 700 850]
["8q23.3" 700 850]
["8q24" 300]
["8q24.1" 400 550]
["8q24.11" 700 850]
["8q24.12" 700 850]
["8q24.13" 700 850]
["8q24.2" 400]
["8q24.21" 550 700 850]
["8q24.22" 550 700 850]
["8q24.23" 550 700 850]
["8q24.3" 400 550 700 850]
["8qTer" 300 400 550 700 850]
["9p10" 300 400 550 700 850]
["9p11" 300 400 550]
["9p11.1" 700 850]
["9p11.2" 700 850]
["9p12" 300 400 550 700 850]
["9p13" 300 400 550]
["9p13.1" 700 850]
["9p13.2" 700 850]
["9p13.3" 700 850]
["9p21" 300 400 550]
["9p21.1" 700 850]
["9p21.2" 700 850]
["9p21.3" 700 850]
["9p22" 300 400 550 700]
["9p22.1" 850]
["9p22.2" 850]
["9p22.3" 850]
["9p23" 300 400 550 700 850]
["9p24" 300 400 550]
["9p24.1" 700 850]
["9p24.2" 700 850]
["9p24.3" 700 850]
["9pTer" 300 400 550 700 850]
["9q10" 300 400 550 700 850]
["9q11" 300 400 550 700 850]
["9q12" 300 400 550 700 850]
["9q13" 300 400 550 700 850]
["9q21" 300 400]
["9q21.1" 550]
["9q21.11" 700 850]
["9q21.12" 700 850]
["9q21.13" 700 850]
["9q21.2" 550 700 850]
["9q21.3" 550]
["9q21.31" 700 850]
["9q21.32" 700 850]
["9q21.33" 700 850]
["9q22" 300 400]
["9q22.1" 550 700 850]
["9q22.2" 550 700 850]
["9q22.3" 550]
["9q22.31" 700 850]
["9q22.32" 700 850]
["9q22.33" 700 850]
["9q31q32q33" 300]
["9q31" 400 550]
["9q31.1" 700 850]
["9q31.2" 700 850]
["9q31.3" 700 850]
["9q32" 400 550 700 850]
["9q33" 400 550]
["9q33.1" 700 850]
["9q33.2" 700 850]
["9q33.3" 700 850]
["9q34" 300 400]
["9q34.1" 550 700 850]
["9q34.2" 550 700 850]
["9q34.3" 550 700 850]
["9qTer" 300 400 550 700 850]
["10p10" 300 400 550 700 850]
["10p11.1" 300 400 550 700 850]
["10p11.2" 300 400 550]
["10p11.21" 700 850]
["10p11.22" 700 850]
["10p11.23" 700 850]
["10p12" 300 400]
["10p12.1" 550 700 850]
["10p12.2" 550 700 850]
["10p12.3" 550 700]
["10p12.31" 850]
["10p12.32" 850]
["10p12.33" 850]
["10p13" 300 400 550 700 850]
["10p14" 300 400 550 700 850]
["10p15" 300 400 550]
["10p15.1" 700 850]
["10p15.2" 700 850]
["10p15.3" 700 850]
["10pTer" 300 400 550 700 850]
["10q10" 300 400 550 700 850]
["10q11.1" 300 400 550 700 850]
["10q11.2" 300 400 550]
["10q11.21" 700 850]
["10q11.22" 700 850]
["10q11.23" 700 850]
["10q21" 300 400]
["10q21.1" 550 700 850]
["10q21.2" 550 700 850]
["10q21.3" 550 700 850]
["10q22" 300 400]
["10q22.1" 550 700 850]
["10q22.2" 550 700 850]
["10q22.3" 550 700 850]
["10q23" 300 400]
["10q23.1" 550 700 850]
["10q23.2" 550 700 850]
["10q23.3" 550 700]
["10q23.31" 850]
["10q23.32" 850]
["10q23.33" 850]
["10q24" 300 400]
["10q24.1" 550 700 850]
["10q24.2" 550 700 850]
["10q24.3" 550 700]
["10q24.31" 850]
["10q24.32" 850]
["10q24.33" 850]
["10q25" 300 400]
["10q25.1" 550 700 850]
["10q25.2" 550 700 850]
["10q25.3" 550 700 850]
["10q26" 300 400]
["10q26.1" 550 700]
["10q26.11" 850]
["10q26.12" 850]
["10q26.13" 850]
["10q26.2" 550 700 850]
["10q26.3" 550 700 850]
["10qTer" 300 400 550 700 850]
["11p10" 300 400 550 700 850]
["11p11.1" 300 400]
["11p11.11" 550 700 850]
["11p11.12" 550 700 850]
["11p11.2" 300 400 550 700 850]
["11p12p13p14" 300]
["11p12" 400 550 700 850]
["11p13" 400 550 700 850]
["11p14" 400 550]
["11p14.1" 700 850]
["11p14.2" 700 850]
["11p14.3" 700 850]
["11p15" 300 400]
["11p15.1" 550 700 850]
["11p15.2" 550 700 850]
["11p15.3" 550 700 850]
["11p15.4" 550 700 850]
["11p15.5" 550 700 850]
["11pTer" 300 400 550 700 850]
["11q10" 300 400 550 700 850]
["11q11" 300 400 550 700 850]
["11q12" 300 400 550 700]
["11q12.1" 850]
["11q12.2" 850]
["11q12.3" 850]
["11q13" 300 400]
["11q13.1" 550 700 850]
["11q13.2" 550 700 850]
["11q13.3" 550 700 850]
["11q13.4" 550 700 850]
["11q13.5" 550 700 850]
["11q14q21q22" 300]
["11q14" 400]
["11q14.1" 550 700 850]
["11q14.2" 550 700 850]
["11q14.3" 550 700 850]
["11q21" 400 550 700 850]
["11q22" 400]
["11q22.1" 550 700 850]
["11q22.2" 550 700 850]
["11q22.3" 550 700 850]
["11q23" 300 400]
["11q23.1" 550 700 850]
["11q23.2" 550 700 850]
["11q23.3" 550 700 850]
["11q24" 300 400]
["11q24.1" 550 700 850]
["11q24.2" 550 700 850]
["11q24.3" 550 700 850]
["11q25" 300 400 550 700 850]
["11qTer" 300 400 550 700 850]
["12p10" 300 400 550 700 850]
["12p11.1" 300 400 550 700 850]
["12p11.2" 300 400 550]
["12p11.21" 700 850]
["12p11.22" 700 850]
["12p11.23" 700 850]
["12p12" 300 400]
["12p12.1" 550 700 850]
["12p12.2" 550 700 850]
["12p12.3" 550 700 850]
["12p13" 300 400]
["12p13.1" 550 700 850]
["12p13.2" 550 700 850]
["12p13.3" 550]
["12p13.31" 700 850]
["12p13.32" 700 850]
["12p13.33" 700 850]
["12pTer" 300 400 550 700 850]
["12q10" 300 400 550 700 850]
["12q11" 300 400 550 700 850]
["12q12" 300 400 550 700 850]
["12q13" 300 400]
["12q13.1" 550]
["12q13.11" 700 850]
["12q13.12" 700 850]
["12q13.13" 700 850]
["12q13.2" 550 700 850]
["12q13.3" 550 700 850]
["12q14" 300 400 550]
["12q14.1" 700 850]
["12q14.2" 700 850]
["12q14.3" 700 850]
["12q15" 300 400 550 700 850]
["12q21q22q23" 300]
["12q21" 400]
["12q21.1" 550 700 850]
["12q21.2" 550 700 850]
["12q21.3" 550]
["12q21.31" 700 850]
["12q21.32" 700 850]
["12q21.33" 700 850]
["12q22" 400 550 700 850]
["12q23" 400 550]
["12q23.1" 700 850]
["12q23.2" 700 850]
["12q23.3" 700 850]
["12q24.1" 300 400 550]
["12q24.11" 700 850]
["12q24.12" 700 850]
["12q24.13" 700 850]
["12q24.2" 300 400 550 700]
["12q24.21" 850]
["12q24.22" 850]
["12q24.23" 850]
["12q24.3" 300 400]
["12q24.31" 550 700 850]
["12q24.32" 550 700 850]
["12q24.33" 550 700 850]
["12qTer" 300 400 550 700 850]
["13p10" 300 400 550 700 850]
["13p11.1" 300 400 550 700 850]
["13p11.2" 300 400 550 700 850]
["13p12" 300 400 550 700 850]
["13p13" 300 400 550 700 850]
["13pTer" 300 400 550 700 850]
["13q10" 300 400 550 700 850]
["13q11" 300 400 550 700 850]
["13q12" 300 400]
["13q12.1" 550 700]
["13q12.11" 850]
["13q12.12" 850]
["13q12.13" 850]
["13q12.2" 550 700 850]
["13q12.3" 550 700 850]
["13q13" 300 400 550 700]
["13q13.1" 850]
["13q13.2" 850]
["13q13.3" 850]
["13q14" 300 400]
["13q14.1" 550 700]
["13q14.11" 850]
["13q14.12" 850]
["13q14.13" 850]
["13q14.2" 550 700 850]
["13q14.3" 550 700 850]
["13q21" 300 400]
["13q21.1" 550 700 850]
["13q21.2" 550 700 850]
["13q21.3" 550 700]
["13q21.31" 850]
["13q21.32" 850]
["13q21.33" 850]
["13q22" 300 400 550]
["13q22.1" 700 850]
["13q22.2" 700 850]
["13q22.3" 700 850]
["13q31q32q33" 300]
["13q31" 400 550 700]
["13q31.1" 850]
["13q31.2" 850]
["13q31.3" 850]
["13q32" 400 550]
["13q32.1" 700 850]
["13q32.2" 700 850]
["13q32.3" 700 850]
["13q33" 400 550 700]
["13q33.1" 850]
["13q33.2" 850]
["13q33.3" 850]
["13q34" 300 400 550 700 850]
["13qTer" 300 400 550 700 850]
["14p10" 300 400 550 700 850]
["14p11.1" 300 400 550 700 850]
["14p11.2" 300 400 550 700 850]
["14p12" 300 400 550 700 850]
["14p13" 300 400 550 700 850]
["14pTer" 300 400 550 700 850]
["14q10" 300 400 550 700 850]
["14q11.1" 300 400 550 700 850]
["14q11.2" 300 400 550 700 850]
["14q12q13q21" 300]
["14q12" 400 550 700 850]
["14q13" 400 550 700]
["14q13.1" 850]
["14q13.2" 850]
["14q13.3" 850]
["14q21" 400 550 700]
["14q21.1" 850]
["14q21.2" 850]
["14q21.3" 850]
["14q22" 300 400 550]
["14q22.1" 700 850]
["14q22.2" 700 850]
["14q22.3" 700 850]
["14q23" 300 400 550]
["14q23.1" 700 850]
["14q23.2" 700 850]
["14q23.3" 700 850]
["14q24" 300 400]
["14q24.1" 550 700 850]
["14q24.2" 550 700 850]
["14q24.3" 550 700 850]
["14q31" 300 400 700]
["14q31.1" 850]
["14q31.2" 850]
["14q31.3" 850]
["14q32" 300 400]
["14q32.1" 550 700]
["14q32.11" 850]
["14q32.12" 850]
["14q32.13" 850]
["14q32.2" 550 700 850]
["14q32.3" 550]
["14q32.31" 700 850]
["14q32.32" 700 850]
["14q32.33" 700 850]
["14qTer" 300 400 550 700 850]
["15p10" 300 400 550 700 850]
["15p11.1" 300 400 550 700 850]
["15p11.2" 300 400 550 700 850]
["15p12" 300 400 550 700 850]
["15p13" 300 400 550 700 850]
["15pTer" 300 400 550 700 850]
["15q10" 300 400 550 700 850]
["15q11.1" 300 400 550 700 850]
["15q11.2" 300 400 550 700 850]
["15q12q13q14" 300 400]
["15q12" 550 700 850]
["15q13" 550 700]
["15q13.1" 850]
["15q13.2" 850]
["15q13.3" 850]
["15q14" 550 700 850]
["15q15" 300 400 550 700]
["15q15.1" 850]
["15q15.2" 850]
["15q15.3" 850]
["15q21" 300 400]
["15q21.1" 550 700 850]
["15q21.2" 550 700 850]
["15q21.3" 550 700 850]
["15q22" 300 400]
["15q22.1" 550 700 850]
["15q22.2" 550 700 850]
["15q22.3" 550 700]
["15q22.31" 850]
["15q22.32" 850]
["15q22.33" 850]
["15q23" 300 400 550 700 850]
["15q24" 300 400 550]
["15q24.1" 700 850]
["15q24.2" 700 850]
["15q24.3" 700 850]
["15q25" 300 400 550 700]
["15q25.1" 850]
["15q25.2" 850]
["15q25.3" 850]
["15q26" 300]
["15q26.1" 400 550 700 850]
["15q26.2" 400 550 700 850]
["15q26.3" 400 550 700 850]
["15qTer" 300 400 550 700 850]
["16p10" 300 400 550 700 850]
["16p11.1" 300 400 550 700 850]
["16p11.2" 300 400 550 700 850]
["16p12" 300 400 550]
["16p12.1" 700 850]
["16p12.2" 700 850]
["16p12.3" 700 850]
["16p13.1" 300 400 550]
["16p13.11" 700 850]
["16p13.12" 700 850]
["16p13.13" 700 850]
["16p13.2" 300 400 550 700 850]
["16p13.3" 300 400 550 700 850]
["16pTer" 300 400 550 700 850]
["16q10" 300 400 550 700 850]
["16q11.1" 300 400 550 700 850]
["16q11.2" 300 400 550 700 850]
["16q12q13" 300 400]
["16q12.1" 550 700 850]
["16q12.2" 550 700 850]
["16q13" 550 700 850]
["16q21q22q23" 300]
["16q21" 400 550 700 850]
["16q22" 400 550 700]
["16q22.1" 850]
["16q22.2" 850]
["16q22.3" 850]
["16q23" 400 550]
["16q23.1" 700 850]
["16q23.2" 700 850]
["16q23.3" 700 850]
["16q24" 300 400 550 700]
["16q24.1" 850]
["16q24.2" 850]
["16q24.3" 850]
["16qTer" 300 400 550 700 850]
["17p10" 300 400 550 700 850]
["17p11.1" 300 400 550 700 850]
["17p11.2" 300 400 550 700 850]
["17p12" 300 400 550 700 850]
["17p13" 300 400 550]
["17p13.1" 700 850]
["17p13.2" 700 850]
["17p13.3" 700 850]
["17pTer" 300 400 550 700 850]
["17q10" 300 400 550 700 850]
["17q11.1" 300 400 550 700 850]
["17q11.2" 300 400 550 700 850]
["17q12" 300 400 550 700 850]
["17q21" 300 400]
["17q21.1" 550 700 850]
["17q21.2" 550 700 850]
["17q21.3" 550]
["17q21.31" 700 850]
["17q21.32" 700 850]
["17q21.33" 700 850]
["17q22q23q24" 300]
["17q22" 400 550 700 850]
["17q23" 400 550]
["17q23.1" 700 850]
["17q23.2" 700 850]
["17q23.3" 700 850]
["17q24" 400 550]
["17q24.1" 700 850]
["17q24.2" 700 850]
["17q24.3" 700 850]
["17q25" 300 400 550]
["17q25.1" 700 850]
["17q25.2" 700 850]
["17q25.3" 700 850]
["17qTer" 300 400 550 700 850]
["18p10" 300 400 550 700 850]
["18p11.1" 300 400 550 700 850]
["18p11.2" 300 400 550 700]
["18p11.21" 850]
["18p11.22" 850]
["18p11.23" 850]
["18p11.3" 300 400]
["18p11.31" 550 700 850]
["18p11.32" 550 700 850]
["18pTer" 300 400 550 700 850]
["18q10" 300 400 550 700 850]
["18q11.1" 300 400 550 700 850]
["18q11.2" 300 400 550 700 850]
["18q12" 300 400]
["18q12.1" 550 700 850]
["18q12.2" 550 700 850]
["18q12.3" 550 700 850]
["18q21" 300]
["18q21.1" 400 550 700 850]
["18q21.2" 400 550 700 850]
["18q21.3" 400 550]
["18q21.31" 700 850]
["18q21.32" 700 850]
["18q21.33" 700 850]
["18q22" 300 400 550 700]
["18q22.1" 850]
["18q22.2" 850]
["18q22.3" 850]
["18q23" 300 400 550 700 850]
["18qTer" 300 400 550 700 850]
["19p10" 300 400 550 700 850]
["19p11" 300 400 550 700 850]
["19p12" 300 400 550 700 850]
["19p13" 300]
["19p13.1" 400 550]
["19p13.11" 700 850]
["19p13.12" 700 850]
["19p13.13" 700 850]
["19p13.2" 400 550 700 850]
["19p13.3" 400 550 700 850]
["19pTer" 300 400 550 700 850]
["19q10" 300 400 550 700 850]
["19q11" 300 400 550 700 850]
["19q12" 300 400 550 700 850]
["19q13.1q13.2q13.3" 300]
["19q13.1" 400 550]
["19q13.11" 700 850]
["19q13.12" 700 850]
["19q13.13" 700 850]
["19q13.2" 400 550 700 850]
["19q13.3" 400 550]
["19q13.31" 700 850]
["19q13.32" 700 850]
["19q13.33" 700 850]
["19q13.4" 300 400 550]
["19q13.41" 700 850]
["19q13.42" 700 850]
["19q13.43" 700 850]
["19qTer" 300 400 550 700 850]
["20p10" 300 400 550 700 850]
["20p11.1" 300 400 550 700 850]
["20p11.2" 300 400 550]
["20p11.21" 700 850]
["20p11.22" 700 850]
["20p11.23" 700 850]
["20p12" 300 400 550]
["20p12.1" 700 850]
["20p12.2" 700 850]
["20p12.3" 700 850]
["20p13" 300 400 550 700 850]
["20pTer" 300 400 550 700 850]
["20q10" 300 400 550 700 850]
["20q11.1" 300 400 550 700 850]
["20q11.2q12q13.1" 300]
["20q11.2" 400 550]
["20q11.21" 700 850]
["20q11.22" 700 850]
["20q11.23" 700 850]
["20q12" 400 550 700 850]
["20q13.1" 400 550]
["20q13.11" 700 850]
["20q13.12" 700 850]
["20q13.13" 700 850]
["20q13.2" 300 400 550 700 850]
["20q13.3" 300 400 550 700]
["20q13.31" 850]
["20q13.32" 850]
["20q13.33" 850]
["20qTer" 300 400 550 700 850]
["21p10" 300 400 550 700 850]
["21p11.1" 300 400 550 700 850]
["21p11.2" 300 400 550 700 850]
["21p12" 300 400 550 700 850]
["21p13" 300 400 550 700 850]
["21pTer" 300 400 550 700 850]
["21q10" 300 400 550 700 850]
["21q11.1" 300 400 550 700 850]
["21q11.2" 300 400 550 700 850]
["21q21" 300 400 550]
["21q21.1" 700 850]
["21q21.2" 700 850]
["21q21.3" 700 850]
["21q22" 300 400]
["21q22.1" 550 700]
["21q22.11" 850]
["21q22.12" 850]
["21q22.13" 850]
["21q22.2" 550 700 850]
["21q22.3" 550 700 850]
["21qTer" 300 400 550 700 850]
["22p10" 300 400 550 700 850]
["22p11.1" 300 400 550 700 850]
["22p11.2" 300 400 550 700 850]
["22p12" 300 400 550 700 850]
["22p13" 300 400 550 700 850]
["22pTer" 300 400 550 700 850]
["22q10" 300 400 550 700 850]
["22q11.1" 300 400 550 700 850]
["22q11.2" 300 400 550]
["22q11.21" 700 850]
["22q11.22" 700 850]
["22q11.23" 700 850]
["22q12" 300 400]
["22q12.1" 550 700 850]
["22q12.2" 550 700 850]
["22q12.3" 550 700 850]
["22q13" 300 400]
["22q13.1" 550 700 850]
["22q13.2" 550 700 850]
["22q13.3" 550]
["22q13.31" 700 850]
["22q13.32" 700 850]
["22q13.33" 700 850]
["22qTer" 300 400 550 700 850]
["Xp10" 300 400 550 700 850]
["Xp11.1" 300 400 550 700 850]
["Xp11.2p11.3p11.4" 300]
["Xp11.2" 400]
["Xp11.21" 550 700 850]
["Xp11.22" 550 700 850]
["Xp11.23" 550 700 850]
["Xp11.3" 400 550 700 850]
["Xp11.4" 400 550 700 850]
["Xp21" 300 400]
["Xp21.1" 550 700 850]
["Xp21.2" 550 700 850]
["Xp21.3" 550 700 850]
["Xp22.1" 300 400 550]
["Xp22.11" 700 850]
["Xp22.12" 700 850]
["Xp22.13" 700 850]
["Xp22.2" 300 400 550 700 850]
["Xp22.3" 300 400]
["Xp22.31" 550 700 850]
["Xp22.32" 550 700 850]
["Xp22.33" 550 700 850]
["XpTer" 300 400 550 700 850]
["Xq10" 300 400 550 700 850]
["Xq11" 300 400]
["Xq11.1" 550 700 850]
["Xq11.2" 550 700 850]
["Xq12q13" 300]
["Xq12" 400 550 700 850]
["Xq13" 400 550]
["Xq13.1" 700 850]
["Xq13.2" 700 850]
["Xq13.3" 700 850]
["Xq21" 300 400]
["Xq21.1" 550 700 850]
["Xq21.2" 550 700 850]
["Xq21.3" 550]
["Xq21.31" 700 850]
["Xq21.32" 700 850]
["Xq21.33" 700 850]
["Xq22q23q24" 300]
["Xq22" 400]
["Xq22.1" 550 700 850]
["Xq22.2" 550 700 850]
["Xq22.3" 550 700 850]
["Xq23" 400 550 700 850]
["Xq24" 400 550 700 850]
["Xq25q26q27" 300]
["Xq25" 400 550 700 850]
["Xq26" 400 550]
["Xq26.1" 700 850]
["Xq26.2" 700 850]
["Xq26.3" 700 850]
["Xq27" 400 550 700]
["Xq27.1" 850]
["Xq27.2" 850]
["Xq27.3" 850]
["Xq28" 300 400 550 700 850]
["XqTer" 300 400 550 700 850]
["Yp10" 300 400 550 700 850]
["Yp11.1" 300 400 550 700 850]
["Yp11.2" 300 400 550 700 850]
["Yp11.3" 300 400]
["Yp11.31" 550 700 850]
["Yp11.32" 550 700 850]
["YpTer" 300 400 550 700 850]
["Yq10" 300 400 550 700 850]
["Yq11.1" 300 400 550 700 850]
["Yq11.21" 300 400 550 700 850]
["Yq11.22" 300 400]
["Yq11.221" 550 700 850]
["Yq11.222" 550 700 850]
["Yq11.223" 550 700 850]
["Yq11.23" 300 400 550 700 850]
["Yq12" 300 400 550 700 850]
["YqTer" 300 400 550 700 850]
